start=20.583333
fullscreen=yes
contrast=1.000000
sub-pos=80
