start=692.400000
pause=yes
volume=50.000000
aid=1
sid=1
