start=724.390000
volume=115.000000
