start=10.366667
fullscreen=yes
contrast=1.000000
sid=no
sub-pos=80
